000 864
001 465
002 066
003 691
004 292
005 917
006 518
007 119
008 744
009 345
010 970
011 571
012 172
013 797
014 398
015 511
016 624
017 225
018 850
019 451
020 052
021 677
022 278
023 903
024 504
025 105
026 730
027 331
028 956
029 557
030 158
031 783
032 384
033 504
034 610
035 211
036 836
037 437
038 038
039 663
040 264
041 889
042 490
043 091
044 716
045 317
046 942
047 543
048 144
049 769
050 370
051 995
052 596
053 197
054 822
055 423
056 024
057 649
058 250
059 875
060 476
061 077
062 702
063 303
064 928
065 529
066 130
067 755
068 356
069 981
070 582
071 183
072 808
073 409
074 010
075 635
076 236
077 861
078 462
079 063
080 688
081 289
082 914
083 515
084 116
085 741
086 342
087 967
088 568
089 169
090 794
091 395
092 510
093 621
094 222
095 847
096 448
097 049
098 674
099 275
100 900
101 501
102 102
103 727
104 328
105 953
106 554
107 155
108 780
109 381
110 503
111 607
112 208
113 833
114 434
115 035
116 660
117 261
118 886
119 487
120 088
121 713
122 314
123 939
124 540
125 141
126 766
127 367
128 992
129 593
130 194
131 819
132 420
133 021
134 646
135 247
136 872
137 473
138 074
139 699
140 300
141 925
142 526
143 127
144 752
145 353
146 978
147 579
148 180
149 805
150 406
151 007
152 632
153 233
154 858
155 459
156 060
157 685
158 286
159 911
160 512
161 113
162 738
163 339
164 964
165 565
166 166
167 791
168 392
169 508
170 618
171 219
172 844
173 445
174 046
175 671
176 272
177 897
178 498
179 099
180 724
181 325
182 950
183 551
184 152
185 777
186 378
187 501
188 604
189 205
190 830
191 431
192 032
193 657
194 258
195 883
196 484
197 085
198 710
199 311
200 936
201 537
202 138
203 763
204 364
205 989
206 590
207 191
208 816
209 417
210 018
211 643
212 244
213 869
214 470
215 071
216 696
217 297
218 922
219 523
220 124
221 749
222 350
223 975
224 576
225 177
226 802
227 403
228 004
229 629
230 230
231 855
232 456
233 057
234 682
235 283
236 908
237 509
238 110
239 735
240 336
241 961
242 562
243 163
244 788
245 389
246 507
247 615
248 216
249 841
250 442
251 043
252 668
253 269
254 894
255 495
256 096
257 721
258 322
259 947
260 548
261 149
262 774
263 375
264 500
265 601
266 202
267 827
268 428
269 029
270 654
271 255
272 880
273 481
274 082
275 707
276 308
277 933
278 534
279 135
280 760
281 361
282 986
283 587
284 188
285 813
286 414
287 015
288 640
289 241
290 866
291 467
292 068
293 693
294 294
295 919
296 520
297 121
298 746
299 347
300 972
301 573
302 174
303 799
304 400
305 001
306 626
307 227
308 852
309 453
310 054
311 679
312 280
313 905
314 506
315 107
316 732
317 333
318 958
319 559
320 160
321 785
322 386
323 505
324 612
325 213
326 838
327 439
328 040
329 665
330 266
331 891
332 492
333 093
334 718
335 319
336 944
337 545
338 146
339 771
340 372
341 997
342 598
343 199
344 824
345 425
346 026
347 651
348 252
349 877
350 478
351 079
352 704
353 305
354 930
355 531
356 132
357 757
358 358
359 983
360 584
361 185
362 810
363 411
364 012
365 637
366 238
367 863
368 464
369 065
370 690
371 291
372 916
373 517
374 118
375 743
376 344
377 969
378 570
379 171
380 796
381 397
382 511
383 623
384 224
385 849
386 450
387 051
388 676
389 277
390 902
391 503
392 104
393 729
394 330
395 955
396 556
397 157
398 782
399 383
400 504
401 609
402 210
403 835
404 436
405 037
406 662
407 263
408 888
409 489
410 090
411 715
412 316
413 941
414 542
415 143
416 768
417 369
418 994
419 595
420 196
421 821
422 422
423 023
424 648
425 249
426 874
427 475
428 076
429 701
430 302
431 927
432 528
433 129
434 754
435 355
436 980
437 581
438 182
439 807
440 408
441 009
442 634
443 235
444 860
445 461
446 062
447 687
448 288
449 913
450 514
451 115
452 740
453 341
454 966
455 567
456 168
457 793
458 394
459 509
460 620
461 221
462 846
463 447
464 048
465 673
466 274
467 899
468 500
469 101
470 726
471 327
472 952
473 553
474 154
475 779
476 380
477 502
478 606
479 207
480 832
481 433
482 034
483 659
484 260
485 885
486 486
487 087
488 712
489 313
490 938
491 539
492 140
493 765
494 366
495 991
496 592
497 193
498 818
499 419
